100000 1951
26
49
51
74
107
223
320
328
336
360
442
483
534
621
654
773
802
926
983
1005
1030
1063
1085
1124
1174
1202
1205
1230
1344
1350
1354
1390
1421
1674
1690
1733
1756
1826
2043
2107
2170
2223
2244
2263
2297
2362
2401
2423
2460
2486
2504
2618
2662
2693
2707
2721
2764
2851
2883
2886
2888
2915
2936
2940
2967
3002
3034
3074
3076
3157
3196
3236
3260
3269
3276
3311
3327
3356
3382
3389
3434
3564
3566
3622
3627
3629
3717
3754
3758
3786
3835
3859
3912
3914
3948
4065
4100
4212
4305
4320
4365
4376
4397
4413
4445
4496
4532
4576
4673
4690
4746
4813
4865
4914
4918
4920
4948
4953
4979
4992
4994
5016
5032
5056
5105
5172
5199
5400
5434
5436
5489
5534
5560
5575
5614
5671
5737
5840
6143
6173
6192
6617
6642
6650
6686
6710
6737
6752
6780
6802
6941
6948
6959
7012
7083
7140
7154
7204
7267
7635
7646
7712
7730
7775
7807
7828
7854
7894
7912
7928
7940
7958
7967
8041
8081
8133
8161
8200
8320
8385
8732
8742
8768
8844
8890
9015
9101
9185
9203
9495
9529
9546
9550
9604
9611
9659
9679
9708
9792
9880
9895
9999
10017
10071
10074
10092
10182
10206
10265
10333
10376
10522
10549
10569
10591
10602
10643
10728
10786
10855
10874
10901
11025
11067
11114
11155
11261
11263
11275
11278
11310
11370
11373
11389
11460
11550
11793
12022
12028
12040
12122
12158
12202
12220
12290
12499
12519
12541
12573
12646
12765
12809
12823
13135
13137
13145
13157
13162
13190
13316
13324
13331
13447
13624
13698
13721
13762
13797
13971
14404
14450
14513
14568
14608
14775
14796
14921
14923
15001
15079
15110
15188
15198
15261
15305
15385
15406
15410
15421
15504
15613
15622
15641
15654
15690
15706
15832
15840
15899
15934
16061
16091
16148
16164
16212
16342
16469
16550
16556
16648
16652
16664
16671
16691
16696
16745
16854
16863
16891
16902
16999
17045
17110
17178
17371
17395
17555
17566
17641
17679
17735
17755
17792
17824
17908
17938
18014
18019
18060
18071
18073
18131
18274
18324
18355
18380
18392
18394
18419
18441
18570
18630
18737
18767
18769
18848
18888
19003
19075
19080
19106
19202
19205
19245
19273
19436
19480
19493
19690
19754
19816
19825
19847
19870
19937
20038
20348
20428
20523
20584
20663
20785
20842
20957
20990
21049
21057
21063
21105
21173
21240
21249
21312
21480
21581
21666
21708
21723
21772
22021
22035
22100
22196
22207
22235
22271
22290
22307
22392
22451
22533
22560
22579
22610
22632
22697
22700
22749
22778
22837
22882
23002
23061
23075
23144
23168
23212
23216
23227
23268
23310
23312
23341
23436
23497
23527
23662
23667
23686
23718
23748
23759
23772
23938
23985
24073
24214
24258
24265
24334
24432
24503
24600
24602
24609
24655
24658
24682
24764
24803
24862
24912
24916
24974
25010
25012
25021
25092
25106
25188
25243
25391
25401
25418
25459
25467
25593
25700
25714
25728
25787
25800
25811
25823
25843
25895
25969
25988
26090
26153
26258
26276
26290
26298
26339
26353
26405
26534
26595
26616
26629
26638
26706
26732
26795
26885
26923
27003
27059
27107
27123
27186
27268
27296
27314
27339
27379
27428
27458
27460
27657
27802
27810
27821
27826
27947
28008
28108
28163
28292
28380
28435
28489
28511
28571
28631
28642
28752
28826
28851
28868
28905
28942
29006
29072
29143
29163
29187
29252
29411
29559
29605
29622
29698
29709
29724
29811
29829
29886
29899
29956
29995
30007
30012
30059
30105
30128
30222
30304
30344
30376
30393
30424
30436
30478
30480
30487
30524
30531
30575
30594
30625
30631
30643
30663
30712
30746
30764
30833
30859
30954
31035
31048
31158
31200
31302
31408
31471
31488
31501
31530
31542
31583
31647
31683
31700
31737
31774
31845
31865
31881
31933
31993
32020
32060
32066
32111
32162
32241
32396
32406
32435
32454
32472
32516
32591
32685
32710
32717
32789
32859
32876
33008
33066
33078
33255
33338
33359
33369
33410
33479
33486
33537
33572
33766
33801
33803
33829
33872
33914
33998
34029
34040
34174
34186
34203
34222
34230
34244
34252
34315
34318
34362
34398
34401
34432
34519
34560
34601
34635
34795
34798
34809
34864
34877
35008
35045
35119
35128
35181
35265
35268
35303
35322
35352
35383
35415
35515
35537
35685
35707
35794
35829
35853
35883
35892
36009
36027
36045
36069
36096
36131
36149
36158
36201
36252
36270
36427
36532
36536
36559
36577
36593
36596
36622
36632
36727
36793
36842
36846
36896
36909
36950
36998
37009
37017
37114
37197
37259
37287
37312
37320
37584
37593
37637
37660
37807
37860
37978
38063
38146
38148
38169
38199
38234
38262
38275
38283
38339
38374
38399
38465
38489
38524
38530
38548
38601
38608
38620
38623
38642
38673
38696
38703
38733
38769
38803
38895
39047
39069
39171
39179
39216
39298
39359
39384
39399
39455
39486
39497
39536
39626
39638
39858
39890
39907
39915
39923
39957
40076
40079
40140
40154
40216
40237
40301
40340
40444
40475
40498
40539
40592
40615
40686
40746
40769
40838
40877
40961
40990
41001
41034
41093
41132
41242
41255
41281
41289
41335
41572
41593
41669
41691
41752
41961
42057
42277
42298
42454
42491
42493
42625
42775
42904
42912
43111
43242
43247
43404
43438
43509
43520
43548
43679
43698
43702
43715
43743
43760
43777
43792
43803
43917
43921
43929
43956
44047
44144
44212
44266
44455
44538
44642
44651
44728
44869
44906
44946
45116
45325
45351
45395
45414
45422
45473
45513
45541
45622
45650
45708
45745
45910
45915
45984
46104
46168
46226
46283
46297
46312
46377
46410
46620
46637
46667
46710
46721
46746
46784
46791
46795
46854
46867
46994
46998
47045
47098
47132
47169
47185
47218
47273
47295
47304
47394
47401
47432
47524
47538
47541
47556
47572
47575
47628
47644
47653
47763
47772
47774
47818
47821
47879
47888
48102
48105
48152
48243
48400
48431
48530
48541
48583
48631
48681
48716
48743
48756
48760
48920
48938
49103
49172
49213
49232
49304
49375
49396
49456
49656
49741
49766
49774
49803
49852
49858
49962
50002
50016
50104
50201
50243
50305
50313
50415
50477
50506
50555
50594
50598
50810
50831
50928
51038
51125
51151
51156
51352
51447
51473
51486
51488
51548
51593
51659
51686
51697
51703
51728
51773
51781
51851
51909
51915
51944
51971
52007
52020
52023
52036
52117
52148
52211
52241
52250
52259
52287
52365
52403
52441
52512
52548
52556
52619
52647
52767
52810
52830
52897
52902
53071
53126
53199
53266
53356
53397
53418
53523
53556
53624
53672
53730
53735
53751
53801
53849
53851
53866
53881
53910
53962
54148
54155
54209
54254
54446
54505
54537
54707
54805
54815
54873
54910
54984
54989
55139
55164
55177
55211
55332
55391
55572
55586
55684
55733
55774
55830
55833
55940
55949
56045
56117
56361
56363
56372
56419
56487
56506
56534
56552
56565
56607
56631
56665
56777
56818
56834
56943
57132
57258
57262
57309
57394
57432
57453
57463
57492
57543
57546
57554
57576
57587
57589
57616
57669
57675
57830
57849
57856
57978
58055
58150
58254
58268
58305
58339
58370
58391
58420
58447
58453
58473
58484
58519
58539
58541
58602
58686
58694
58701
58744
58892
58972
59004
59040
59184
59232
59238
59331
59449
59489
59530
59536
59550
59655
59718
59811
59830
59832
59875
59886
59921
59993
60084
60162
60176
60196
60532
60656
60669
60724
60747
60783
60941
60945
61037
61051
61105
61154
61267
61304
61321
61336
61357
61421
61457
61503
61639
61747
61771
61914
61922
61934
61984
62004
62007
62142
62231
62271
62307
62480
62561
62575
62634
62653
62873
62875
62982
63065
63119
63136
63201
63241
63284
63346
63428
63467
63491
63519
63542
63711
63903
63910
63916
63938
64048
64113
64128
64149
64194
64209
64245
64247
64251
64305
64349
64368
64388
64429
64491
64515
64668
64717
64815
64829
64932
64972
64985
64999
65035
65055
65072
65186
65189
65231
65277
65305
65310
65426
65458
65480
65534
65588
65645
65665
65681
65694
65731
65767
65793
65803
65860
65923
65955
65970
65986
66001
66021
66032
66042
66182
66201
66217
66311
66347
66367
66413
66416
66453
66766
66819
66829
66888
66994
67000
67035
67071
67107
67232
67269
67282
67296
67353
67403
67443
67489
67523
67592
67638
67668
67713
67719
67721
67743
67757
68004
68025
68064
68107
68189
68230
68245
68306
68392
68489
68579
68631
68669
68703
68713
68718
68754
68815
68838
68859
68912
68947
68990
69000
69037
69345
69431
69483
69501
69518
69549
69646
69691
69739
69775
69800
69827
69872
69923
69976
70013
70029
70149
70180
70193
70211
70214
70224
70281
70325
70333
70351
70361
70404
70419
70449
70572
70583
70697
70712
70737
70765
70782
70854
70866
70868
70967
70998
71236
71288
71305
71381
71508
71593
71620
71690
71731
71745
71783
71790
71865
71877
72008
72022
72027
72048
72056
72058
72101
72110
72158
72175
72300
72421
72528
72557
72562
72636
72660
72690
72717
72775
72816
72911
72916
72924
73028
73116
73123
73183
73250
73263
73271
73304
73331
73418
73547
73562
73610
73700
73702
73712
73714
73763
73798
73925
73958
73962
73979
73987
74029
74035
74086
74095
74141
74241
74360
74373
74469
74528
74568
74617
74620
74631
74643
74707
74748
74765
74868
74979
75025
75067
75107
75228
75232
75342
75417
75421
75443
75446
75459
75590
75600
75688
75692
75698
75739
75758
75785
75827
75843
75859
75893
76032
76050
76218
76390
76456
76497
76520
76525
76563
76618
76833
76836
76839
76842
76865
76881
77021
77024
77028
77082
77131
77173
77180
77197
77249
77282
77444
77525
77582
77624
77659
77689
77707
77723
77777
77857
77901
77980
77992
78089
78091
78117
78158
78180
78183
78191
78202
78271
78297
78306
78329
78338
78366
78486
78492
78514
78548
78571
78618
78690
78772
78910
78932
78992
79007
79043
79289
79422
79431
79488
79523
79536
79566
79573
79601
79618
79693
79804
79811
80006
80013
80027
80043
80138
80217
80236
80313
80323
80348
80380
80410
80437
80463
80515
80540
80578
80604
80636
80752
80836
80838
80967
80996
81010
81014
81067
81097
81102
81342
81453
81460
81508
81590
81718
81727
81747
81880
81883
81918
81937
82085
82150
82224
82248
82260
82279
82391
82511
82581
82597
82630
82649
82869
82913
82936
83021
83034
83145
83179
83208
83210
83271
83274
83296
83303
83392
83410
83455
83468
83476
83530
83547
83644
83657
83687
83707
83725
83773
83849
84090
84116
84198
84205
84249
84260
84308
84368
84446
84515
84534
84538
84679
84762
84794
84856
84859
84898
84974
85016
85129
85154
85246
85285
85329
85413
85461
85572
85588
85601
85663
85693
85741
85887
85925
85961
86005
86044
86053
86060
86087
86116
86135
86182
86296
86417
86442
86480
86489
86495
86563
86606
86631
86755
86772
86776
86845
86883
86925
86951
86992
87004
87058
87196
87205
87258
87266
87277
87338
87416
87440
87506
87515
87540
87544
87583
87643
87677
87740
87755
87767
87786
87805
87809
87811
87815
87854
87949
87980
88003
88035
88041
88078
88151
88306
88335
88412
88466
88635
88650
88664
88689
88742
88766
88780
88863
88925
88951
89087
89168
89434
89444
89474
89488
89564
89599
89621
89650
89678
89806
89811
89832
89872
89928
89983
90281
90445
90513
90526
90591
90631
90655
90662
90771
90791
90878
90882
90975
91010
91027
91179
91199
91224
91230
91299
91398
91442
91448
91455
91488
91506
91562
91567
91573
91578
91628
91648
91656
91661
91680
91759
91817
91857
91982
92106
92189
92207
92273
92356
92485
92521
92527
92548
92556
92611
92665
92793
92877
92896
92975
92986
93003
93036
93070
93104
93163
93213
93361
93415
93579
93665
93804
93975
93980
94127
94176
94205
94223
94227
94236
94258
94421
94440
94497
94507
94511
94651
94714
94726
94752
94783
94977
95049
95102
95140
95144
95299
95359
95389
95464
95491
95504
95562
95606
95610
95669
95838
95845
95920
95934
96005
96047
96055
96062
96109
96153
96286
96290
96298
96366
96374
96425
96447
96470
96546
96580
96719
96752
96755
96779
96836
96866
96875
97080
97087
97155
97168
97181
97216
97307
97432
97487
97705
98070
98112
98178
98432
98443
98445
98470
98475
98513
98526
98577
98607
98609
98647
98708
98738
98917
98985
99037
99072
99117
99153
99162
99197
99208
99281
99288
99324
99360
99489
99507
99512
99552
99625
99679
99778
99782
99851
99864
99880
99922
99994